HostHaloID
1796797
2469053
2665945
2999331
3160454
3163124
3189218
3385997
3442313
3661128
3712654
4135791
4149062
4287949
4292050
4311768
4432701
4463713
4496183
4616407
4651783
4831493
4869358
5099759
5103643
5110261
5166669
5371456
5398513
5696320
5881470
5921092
5932985
5934118
6054032
6076744
6327687
6564277
6570416
6588284
6595587
6673036
7203735
7228892
7230907
7311272
7352777
7390353
7473469
7487475
7488559
7508815
7569025
7649157
7704081
7724884
7726647
7745568
7761099
7789742
7789801
7799653
7815805
7902294
7931869
7931878
7931890
7931897
7931900
7931901
7931904
7931913
7931915
7931918
7931922
7931924
7931927
7931928
