HostHaloID
863758
1018059
1349621
1418034
1520544
1584386
1674211
1754110
1817546
1818541
1872023
2000106
2030034
2441408
2698060
2993149
3093926
3198952
3297669
3378467
3522947
3547254
3666987
3888413
4006339
4036231
4076323
4181820
4204748
4225857
4357760
4513438
4619397
4662451
4667632
5005372
5019672
5144962
5174411
5349491
5349824
5438753
5450443
5562815
5802973
5815776
6025730
6042595
6074941
6206768
6290040
6520563
6562099
6564841
6594133
6675745
6678909
6695602
6735251
6811032
6975091
6981754
7030379
7032320
7184907
7321830
7369255
7400723
7460113
7576933
7588576
7641674
7757579
7779849
7789169
7812201
7836087
7876005
7894760
7894762
7894765
7894772
7894779
7894783
