HostHaloID
822919
1138579
1266799
1327991
1414928
1489876
1554911
1692282
1705267
1705277
1822607
1918627
2242367
2403626
2771546
2926866
2951726
3025193
3085837
3117826
3435576
3529623
3644708
3648659
3740906
3777791
3875839
3938106
4019876
4034346
4081024
4081916
4424624
4431279
4585055
4615490
4706784
4710831
4768022
4861947
4893755
4973651
5098354
5278362
5304235
5308510
5347613
5484576
5526157
5662852
5834140
5859021
5917951
5965703
6166400
6194372
6324247
6357669
6361723
6383866
6474920
6479301
6485990
6521877
6620383
6709955
6709963
6919419
6944275
7160421
7174012
7215293
7230221
7287731
7510883
7545037
7559738
7637862
7684146
7693649
7702397
7722792
7758861
7779600
7819789
7828379
7859476
7859491
7859492
7859494
7859504
7859506
7859507
