HostHaloID
1832727
2230056
2287973
2349532
2654808
2734378
2985946
2996093
3001310
3126998
3191557
3244797
3261263
3370759
3611243
3619926
3717245
3848071
3863828
3969628
3969632
4000304
4150315
4208244
4264648
4359441
4498590
4506197
4557123
4595887
4661701
4725599
4792743
4819042
4821581
4867274
4876841
4995463
5012348
5046165
5152787
5152913
5181286
5209082
5271354
5367369
5555641
5587397
5598226
5619815
5717837
5721015
5788269
5820564
5831312
5988113
5998930
6096242
6139783
6249943
6287704
6339752
6426143
6426413
6462246
6474150
6588753
6588780
6653805
6811976
6884951
7012727
7185891
7243177
7260931
7264478
7326045
7330559
7361496
7400425
7534515
7542824
7560691
7572452
7574875
7578977
7631260
7644941
7697737
7747974
7774235
7783954
7783956
7783960
7783963
7783972
7783974
7783976
7783977
7783978
7783979
7783980
7783982
7783984
7783993
7783996
7783999
7784000
7784001
7784002
7784004
7784006
7784007
