HostHaloID
860887
1294563
1371641
1434424
1477542
1498161
1510676
1615426
1680851
1682125
1682172
1685199
1780672
1813826
1869176
1938074
2271595
2363048
2614803
2650917
2763674
2852659
2892559
3086667
3104771
3127171
3162491
3172306
3245921
3422597
3475505
3532658
3559882
3725325
3825824
3852253
3894256
3934969
3974329
4034278
4066814
4067435
4097010
4149812
4328924
4368668
4383427
4395960
4400630
4475718
4508962
4523258
4539698
4567832
4575807
4625753
4689311
4735607
5039053
5052308
5288390
5324905
5340644
5397933
5472262
5476509
5493508
5532448
5568884
5753930
5811044
5869071
5911765
5918646
6027233
6038294
6127177
6186348
6360230
6387662
6396592
6454597
6490779
6490788
6516609
6535783
6598800
6808618
6881016
7004802
7033660
7096501
7183672
7198017
7202154
7297229
7316741
7399403
7430953
7444592
7472822
7510728
7523472
7523519
7564253
7599028
7602384
7655576
7675245
7678547
7680915
7723113
7731512
7742535
7742543
7742546
7742549
7742550
7742552
