HostHaloID
2531814
2609201
2813189
2888758
2895155
2903274
2940466
2966991
2998852
3004010
3052421
3066052
3083639
3142187
3182399
3324932
3423633
3510748
3523787
3544229
3653699
3758600
3937196
3983011
4015631
4161334
4167682
4196838
4424287
4447749
4459543
4742983
4760399
4801089
4810930
4819257
4954370
5121291
5154220
5176600
5209936
5327595
5330490
5382451
5421599
5456154
5502892
5510381
5567259
5586263
5620099
5730375
5773704
5977376
6124580
6182000
6254866
6369258
6422152
6423665
6590792
6737642
6770266
6806681
6822029
6857979
6888636
6901020
7016617
7080709
7093223
7096852
7105292
7115684
7135857
7181272
7185873
7202251
7211470
7245658
7278595
7298949
7312772
7331990
7336243
7336249
7362107
7442691
7443010
7491581
7498355
7508852
7520501
7524863
7567813
7568055
7585960
7588775
7597561
7606052
7606762
7637684
7650606
7651293
7658829
7676492
7682404
7700309
7707732
7707744
7707748
7707749
7707752
7707753
7707755
7707760
7707761
7707762
7707763
7707765
7707769
7707770
7707774
7707777
7707780
7707781
7707782
7707784
7707785
