HostHaloID
2349150
2408308
2542862
2583535
2643931
2738677
2789090
2973515
2982722
3054744
3060697
3127338
3128916
3147355
3185998
3281456
3439024
3495583
3504623
3552694
3555950
3627345
3953975
3987656
4021177
4143630
4179714
4318733
4322382
4396164
4492211
4582084
4595154
4715818
4722638
4744468
4854752
4866987
4939221
4949341
5039690
5148003
5233000
5264360
5310641
5348835
5386073
5438628
5517176
5522868
5530245
5554106
5604454
5812394
5845188
5920905
5964836
5991374
6008808
6080629
6135904
6175587
6218896
6273239
6299205
6395715
6397098
6561349
6589726
6634522
6667092
6673559
6684177
6686647
6773398
6797290
6979846
7014076
7047516
7055136
7077583
7078932
7096783
7137348
7138568
7148822
7168482
7183772
7204029
7212364
7236663
7253670
7280815
7291736
7298225
7391186
7391344
7400624
7410656
7431204
7451935
7458295
7465337
7491437
7506919
7515579
7527529
7535390
7538370
7554333
7572434
7605592
7613971
7621776
7633240
7648798
7653700
7653702
7653706
7653710
7653712
7653715
7653716
7653717
7653719
7653723
7653724
7653725
7653726
7653727
7653731
7653733
7653737
7653739
7653742
7653743
7653744
7653745
