HostHaloID
2279725
2373829
2520891
2542202
2602087
2612576
2654998
2746384
2758496
2843654
2871773
2949909
3006905
3010106
3146563
3207807
3242034
3394088
3429747
3550097
3590274
3711483
3715125
3861879
3943925
3995028
4166754
4269067
4278927
4294206
4297745
4325891
4362495
4364178
4377431
4400140
4416514
4437722
4582128
4660454
4829898
4843893
4859858
4865486
4934347
5000127
5066699
5081140
5110216
5141173
5223706
5315600
5501094
5508545
5508564
5568664
5638571
5664012
5685659
5836154
5856441
5859041
5920453
5930756
5971965
5975196
6027940
6045749
6151617
6183563
6200490
6251022
6288943
6317660
6424260
6554642
6588677
6628020
6635304
6745352
6857221
6897242
6908760
6918749
6936928
6954489
6976706
6984651
6992667
6992729
7001297
7014859
7034316
7044801
7048295
7106567
7112629
7115136
7139500
7152424
7158544
7163045
7215155
7232743
7236899
7241445
7262255
7284184
7305305
7321106
7368668
7376112
7400261
7409044
7418839
7454920
7458260
7469130
7472709
7475215
7490523
7500166
7553543
7561003
7570102
7570929
7570944
7570945
7570946
7570947
7570949
7570951
7570952
7570953
7570955
7570956
7570959
7570960
7570962
7570964
7570966
7570969
7570970
7570971
7570972
7570973
7570977
7570980
7570981
7570982
7570985
7570987
7570988
