HostHaloID
905190
1178311
1295807
1386680
1479533
1492533
1524573
1547577
1644839
1648275
1718420
1736245
1807714
1870044
1877862
2063759
2100461
2147415
2171926
2370714
2391674
2401728
2426696
2492862
2567591
2671445
2677130
2737212
2777777
2840370
3111471
3139239
3181693
3250310
3265478
3384105
3396579
3411083
3420018
3430325
3431109
3456304
3474435
3595097
3687368
3715743
3754241
3791175
3833777
3847553
3855620
3880536
3891547
3900710
3935792
4042189
4042674
4077407
4277865
4315403
4393895
4396751
4413852
4437010
4518194
4521815
4587924
4657864
4807185
4825083
4841912
4901383
4915768
4992941
4999058
5002278
5051166
5087899
5156520
5221189
5284787
5394135
5394584
5411194
5434918
5450313
5469587
5511112
5515928
5645658
5669146
5688096
5702258
5738954
5800107
5821660
5833432
5833456
5868044
5971141
6000500
6145932
6155006
6214089
6278503
6282730
6343499
6460482
6503790
6510363
6536394
6542777
6563779
6593932
6617674
6633437
6646824
6731418
6774749
6878794
6890698
6899515
6934190
7057795
7088169
7126735
7127521
7127550
7156564
7173064
7182415
7198386
7214944
7218476
7234482
7234495
7243779
7243789
7289784
7298135
7320842
7320845
7335413
7342764
7342819
7365117
7373188
7385747
7398805
7398816
7409732
7411809
7419318
7419346
7419360
7419363
7419367
7419368
7419369
7419370
7419374
7419376
7419377
7419380
7419381
7419382
7419384
7419386
