HostHaloID
858246
1194904
1329599
1347557
1370992
1413592
1418493
1490753
1490760
1594947
1615407
1629410
1647849
1804547
1867419
1947762
1965532
2111118
2157611
2169883
2321982
2330992
2343312
2350983
2467238
2487786
2519953
2545527
2602329
2609035
2711516
2996241
3024044
3100848
3112729
3205682
3230407
3262730
3287192
3359956
3378688
3388744
3423164
3437865
3521665
3554663
3576027
3580090
3598153
3654513
3753702
3766478
3806318
3841755
3841769
3883037
3907069
3911010
3958289
3987088
4003525
4115247
4312278
4323518
4381115
4404874
4406170
4407686
4424433
4505406
4535313
4542864
4546142
4589385
4683191
4723151
4731552
4813477
4861311
4893471
4989382
5174521
5195467
5242985
5343011
5380926
5389520
5393565
5459234
5503908
5515498
5523559
5547732
5651494
5681329
5794415
5804881
5816727
5856797
5863811
5949178
6106934
6132853
6199458
6241397
6283339
6295353
6343880
6343916
6364774
6379289
6423999
6441194
6453813
6489448
6521698
6592446
6654146
6664921
6752041
6767642
6809699
6817501
6903442
6920686
6986685
6986689
7069506
7084500
7093256
7100441
7110277
7125764
7142214
7151529
7164102
7166610
7194817
7197440
7197610
7214147
7253459
7277839
7283942
7289304
7295822
7324699
7344117
7346213
7346633
7359830
7370152
7370888
7372828
7378424
7398652
7398669
7398676
7398682
7398683
7398684
7398686
7398687
7398689
7398692
7398693
7398697
7398698
7398700
7398703
