HostHaloID
7375040
7375054
7375084
7375085
7375096
7375112
7375121
7375140
7375144
7375167
7375170
7375180
7375187
7375192
7375193
7375198
7375212
7375227
7375228
7375240
7375271
7375273
7375283
7375293
7375305
7375323
7375338
7375339
7375343
7375346
7375353
7375358
7375366
7375368
7375377
7375381
7375388
7375396
7375399
7375423
7375426
7375427
7375435
7375437
7375438
7375439
7375440
7375445
7375455
7375471
7375474
7375482
7375485
7375487
7375494
7375499
7375500
7375502
7375524
7375527
7375537
7375549
7375562
7375570
7375572
7375576
7375584
7375589
7375590
7375595
7375612
7375614
7375619
7375621
7375626
7375627
7375634
7375652
7375653
7375656
7375668
7375672
7375681
7375682
7375692
7375697
7375701
7375703
7375706
7375714
7375719
7375735
7375759
7375760
7375761
7375766
7375768
7375769
7375789
7375805
7375814
7375815
7375817
7375828
7375854
7375858
7375862
7375872
7375877
7375895
7375899
7375906
7375908
7375912
7375916
7375917
7375918
7375922
7375930
7375944
7375945
7375947
7375950
7375951
7375978
7375980
7375988
7375990
7375993
7376010
7376013
7376028
7376049
7376054
7376057
7376070
7376073
7376074
7376083
7376088
7376094
7376095
7376108
7376110
7376117
7376118
7376134
7376141
7376142
7376157
7376162
7376164
7376173
7376176
7376234
7376237
7376238
7376242
7376249
7376259
7376261
7376268
7376276
7376278
7376288
7376292
7376297
7376304
7376306
7376309
7376311
