HostHaloID
1413117
1453995
1537635
1645034
1701805
1716207
1717694
1857791
1887544
2020433
2063125
2273242
2360362
2419081
2426187
2457705
2479655
2551304
2577408
2586080
2598396
2658767
2698448
2784873
2823287
2837974
3151685
3228808
3234113
3350383
3358893
3449330
3475789
3483678
3542541
3552382
3607693
3808478
3826147
3916126
3944199
3965896
3986516
3994354
4072945
4097407
4127959
4163224
4181829
4198051
4203789
4210286
4292516
4512384
4669327
4672091
4672582
4699355
4754044
4754281
4763289
4861145
4880258
4918684
4929951
4995296
5045874
5229088
5282437
5453093
5483462
5512747
5528337
5531460
5544851
5562087
5572018
5612036
5615760
5639196
5724898
5772387
5795074
5807779
5832232
5921965
5924606
5934010
5995675
5995678
6012033
6021626
6118568
6163855
6177341
6220543
6295610
6329215
6343764
6515451
6534008
6541874
6546320
6546326
6575993
6613618
6621924
6636524
6640572
6665313
6809559
6810907
6830069
6839841
6954373
6983399
7008767
7026710
7040729
7054552
7061711
7064393
7083137
7083879
7085960
7125953
7133327
7152052
7180174
7188966
7203000
7233607
7243615
7252097
7260835
7261003
7268162
7269230
7280287
7307709
7309266
7335024
7343018
7343616
7343626
7343629
7343632
7343636
7343638
7343643
7343645
7343648
7343649
7343650
7343651
7343654
7343655
7343658
7343659
7343661
7343662
7343663
7343665
7343670
7343672
7343675
7343676
7343679
7343682
7343683
7343685
7343686
