HostHaloID
1258434
1268170
1341941
1348133
1365343
1376654
1438507
1550321
1648646
1654721
1714858
1744930
2034231
2116763
2125174
2180044
2192914
2288494
2326090
2408528
2442080
2477117
2484858
2493311
2517452
2564648
2677832
2722411
2855078
3115504
3196409
3214752
3267065
3270613
3304944
3363355
3382399
3415390
3430511
3442748
3496313
3500007
3521470
3723198
3781651
3797830
3798785
3808697
3834375
3857286
3882890
3885080
3905624
3971953
4140236
4258695
4283264
4319627
4323605
4358387
4367695
4467867
4523268
4535306
4558565
4577168
4582166
4599556
4620820
4680101
4717775
4729436
4741021
4764194
4828446
4946329
4992690
5053273
5192002
5258645
5270007
5297433
5319212
5328711
5332039
5368443
5406367
5425997
5431059
5551278
5608442
5618438
5688778
5784904
5788817
5815119
5818347
5938630
5993042
6018778
6105791
6139839
6174623
6219463
6230826
6350497
6363413
6385969
6412941
6440187
6454470
6499927
6504411
6513422
6517837
6531523
6549505
6703931
6769449
6831565
6935473
6935487
6948331
6963904
6970412
6981465
6991177
7004488
7015503
7024804
7034422
7082465
7095962
7113457
7114961
7116884
7143175
7152516
7176671
7186945
7195322
7207888
7209827
7227677
7240016
7240322
7252195
7257471
7270056
7287434
7289017
7298214
7302436
7303759
7315813
7315815
7315817
7315819
7315823
7315824
7315828
7315831
7315832
7315833
7315834
7315835
7315837
7315839
7315840
7315844
7315846
7315847
7315850
