HostHaloID
1121545
1143238
1208930
1230449
1237658
1290838
1332082
1377746
1491888
1534473
1607522
1650881
1768816
1795718
1830383
1846385
1952158
2044326
2160034
2160077
2190269
2245873
2285513
2320533
2353370
2419481
2423614
2471119
2609081
2654084
2877790
2893680
2897075
2972596
3001272
3031940
3036571
3079864
3141942
3167742
3278830
3286143
3294672
3307918
3357719
3401805
3449340
3532005
3572605
3588853
3632032
3684214
3715817
3737608
3740700
3745714
3768960
3821883
3831505
3890870
3927026
3952481
3964727
4155320
4160705
4220815
4231615
4286448
4310889
4319739
4409736
4414196
4451036
4451066
4460229
4463119
4552497
4577727
4581264
4585000
4794719
4885141
4895285
4914302
5018791
5161217
5164788
5182981
5272422
5289438
5400143
5416605
5416607
5427933
5435577
5485608
5543067
5679474
5701021
5714877
5816917
5876345
5923771
5969543
5999626
6073148
6086449
6092921
6097685
6116547
6121292
6177229
6204758
6224110
6259892
6272724
6305707
6361398
6487237
6495811
6523756
6533690
6617391
6681042
6742152
6754559
6776202
6794877
6819946
6830387
6833022
6840917
6847894
6944989
6969349
6988318
7018908
7023292
7031173
7069399
7072280
7072427
7097467
7128165
7137820
7146048
7171963
7184497
7186202
7210318
7217372
7227810
7229735
7230563
7234831
7246269
7256436
7261939
7262899
7283543
7290723
7291205
7291206
7291208
7291209
7291210
7291211
7291212
7291214
7291215
7291222
7291223
7291224
7291226
