HostHaloID
1561636
1581385
1664541
1758257
1808858
1827559
1847383
1954735
1983863
2002628
2013898
2071135
2199507
2227715
2246014
2290169
2290206
2507502
2592446
2623756
2734822
2885792
2892837
2937863
2944981
3016893
3069850
3094112
3178107
3200641
3226680
3259117
3284456
3355500
3359016
3540174
3651767
3672299
3689051
3700933
3744183
3748260
3780410
3811219
3882383
3889787
3929760
3929767
3929805
3933724
3945090
4040811
4063505
4068321
4081915
4083100
4147752
4195553
4226110
4289749
4309863
4328263
4415004
4465008
4465020
4477204
4481843
4481851
4549606
4560890
4617549
4622511
4658833
4658856
4714730
4827650
4838809
4899516
4901245
4921745
4966761
4968706
5011121
5028157
5033760
5044774
5049205
5208836
5259095
5265012
5332403
5358495
5375604
5409575
5462023
5493185
5520106
5548455
5573913
5634590
5638753
5699819
5715147
5753402
5816171
5871163
5884858
5957816
5960768
5979633
6143068
6163362
6234554
6296509
6300154
6300164
6324375
6348998
6379898
6432794
6490130
6515835
6550004
6619898
6702203
6732705
6898337
6904035
6907470
6919328
6921386
6955851
6957056
6975241
6981495
7033920
7045189
7050142
7055776
7076724
7098679
7132535
7142193
7156868
7157633
7179669
7218678
7231399
7241208
7255539
7256231
7257320
7265673
7265674
7265676
7265677
7265678
7265679
7265682
7265685
7265686
7265688
7265692
7265693
7265698
7265700
7265701
7265702
7265708
7265709
7265710
7265711
7265712
7265713
